


INER = [
%COM X  	COM Y   	COM Z   	R	P   	Y	Mass    	Moment Ixx	Moment Ixy	Moment Ixz	Moment Iyy	Moment Iyz	Moment Izz	Link Name   
% 0.00012	 0.02425	-0.00115	0	0   	0	12.8142188	0.0868309	 -9.80E-05	-1.40E-06	0.1276831	-0.0193677	0.1270887	; %Pelvis
 0.00115	 0.02425	0.00012 	0	-1.5708	0	12.8142188	0.0868309	 -9.80E-05	-1.40E-06	0.1276831	-0.0193677	0.1270887	; %Pelvis
  0.1193	-0.00024	 0.05482	0	0   	0	6.4709707	0.0105008	-4.47E-05	0.0026378	0.083485	2.70E-06	0.0831262	; %TorsoTilt
-0.00112	-0.01501	-0.10391	0	0   	0	 31.3577	0.531105	0.000923	-0.0007483	 1.18733	-0.0778626	 0.91496	; %TorsoRot
  0.0164	  0.0039	-0.19416	0	0   	0	4.8909121	0.0017929	0.0017929	0.0046508	0.0348741	0.0073972	0.0125237	; %RShAbAd
 0.11093	 0.01825	 0.02571	0	0   	0	3.2261617	0.0042548	0.0002492	-0.0002769	0.0076126	-5.20E-05	0.007705	; %RShFlex
-0.00114	-0.00151	 0.11122	0	0   	0	4.8829228	0.0191086	0.0001927	-0.0025684	0.0188117	-0.0002236	0.0110745	; %RHumRot
 0.11918	-0.02395	-0.03337	0	0   	0	0.6911285	0.0004628	0.0009098	-0.0004177	0.0103858	-1.28E-05	0.010507	; %RElbFlex
 0.07931	 0.00146	  0.0648	0	0   	0	3.2280873	0.0162237	0.000437	0.0051128	0.0394647	-0.0003224	0.0347581	; %RWriRot
 0.01647	 0.00381	 0.19425	0	0   	0	4.8908952	0.0361594	0.0018219	-0.0046394	0.0348875	-0.0074231	0.0125386	; %LShAbAd
 0.11087	  0.0182	-0.02557	0	0   	0	3.2309514	0.0042649	0.0002646	0.0002986	0.0076452	5.18E-05	0.0077414	; %LShFlex
-0.00112	-0.00157	-0.11125	0	0   	0	4.8803153	0.0191318	0.0001585	0.0025749	0.0188147	0.0002531	0.0110786	; %LHumRot
 0.11918	-0.02395	  0.0337	0	0   	0	0.691127	0.0004628	0.0009098	0.0004177	0.0103858	1.28E-05	0.010507	; %LElbFlex
 0.07931	 0.00146	 -0.0648	0	0   	0	3.2310016	0.0159674	0.0002098	-0.0057656	0.0399446	0.0002799	0.0349934	; %LWriRot
-0.051696	-0.020482	-0.004015	0	0   	0	1.6525001	0.009611886	0.000663639	-4.03E-05	0.004775183	1.88E-05	0.008195724	; %RHipRot
 0.06256	-0.00065	-0.05684	0	0   	0	11.9737723	0.115572246	6.62E-05	-0.01929073	0.128580764	0.000614994	0.052472127	; %RHipAbAd
  0.2582	 0.03897	 0.00593	0	0   	0	11.5655453	0.055358405	-0.02765005	-0.00794923	0.197921767	0.002390824	0.230959289	; %RHipFlex
 0.14182	 0.01863	 0.00066	0	0   	0	5.0013195	0.01919108	-0.01258171	-0.00022245	0.035278123	-1.16E-05	0.042713838	; %RKneeFlex
-0.01761	 0.00083	 0.18404	0	0   	0	4.7446023	0.024212145	7.56E-05	0.003257739	0.022566831	2.40E-05	0.011530241	; %RCalfRot
 0.11143	  0.0358	-0.09939	0	0   	0	3.6693865	0.035371068	0.000899751	-0.00669938	0.025373037	-0.00485193	0.032481219	; %RAnkFlex
 -0.0556	-0.01481	  0.0038	0	0   	0	1.6525002	0.009611194	0.00066352	4.04E-05	0.004775196	-1.84E-05	0.008195018	; %LHipRot
 0.06256	-0.00092	 0.05683	0	0   	0	11.9731549	0.115536149	-4.84E-05	0.01929704	0.128555068	-0.00070911	0.052463052	; %LHipAbAd
 0.25783	 0.03881	-0.00593	0	0   	0	11.5655795	0.05564402	-0.02776393	0.00786209	0.198074751	-0.00247136	0.231400218	; %LHipFlex
 0.14183	 0.01872	-0.00041	0	0   	0	5.0017142	0.01917677	-0.01253874	5.57E-05	0.035279423	0.000114001	0.042700758	; %LKneeFlex
-0.01771	  0.0012	-0.18346	0	0   	0	4.7149224	0.023824232	0.00015254	-0.00321614	0.022267761	-0.00019447	0.011414154	; %LCalfRot
 0.10949	 0.03324	 0.09945	0	0   	0	3.6694073	0.034394052	0.001865593	0.006553054	0.027416611	0.004732812	0.033535145]; %LAnkFlex


KINE = [
%Jnt X   	Jnt Y   	Jnt Z   	Jnt Roll	Jnt Pitch	Jnt Yaw 	Link Name
0       	0       	0       	0       	-1.5708       	0       	; %Pelvis
0.09525 	0       	0       	0       	0       	0       	; %TorsoTilt
0.2286  	0       	0.060401	-1.5708 	0       	1.5708  	; %TorsoRot
-0.31433	-0.0097288	-0.036922	-0.87266	0       	3.1416  	; %RShAbAd
-0.00635	-0.0508 	-0.33884	-1.5708 	-0.7854 	-1.5708  	; %RShFlex
0.1524  	0.029642	0.030912	0       	1.5708  	0       	; %RHumRot
-0.00635	0       	0.1892  	-1.5708 	-1.4835 	1.5708  	; %RElbFlex
0.3429  	-0.006096	-0.042977	0       	1.5708  	0       	; %RWriRot
0.314325	-0.00972876	-0.0369216	-2.26892803	0       	0       	; %LShAbAd
-0.00635	-0.0508 	0.338836	1.570796327	0.785398163	-1.57079633	; %LShFlex
0.1524  	0.0296418	-0.0309118	0       	-1.57079633	0       	; %LHumRot
-0.00635	0       	-0.1892046	1.570796327	1.483529864	1.570796327	; %LElbFlex
0.3429  	-0.006096	0.0429768	0       	-1.57079633	0       	; %LWriRot
0       	-0.09525	0       	-1.5708 	0       	1.5708  	; %RHipRot
-0.1016 	0       	0       	-1.57079633	0       	3.141592654	; %RHipAbAd
0.0793242	0       	-0.22225	-1.57079626	0       	-1.57079633	; %RHipFlex
0.4318  	0       	0       	0       	0       	0       	; %RKneeFlex
0.1524  	0       	0       	0       	1.570796327	0       	; %RCalfRot
0       	0       	0.2794   	0       	-1.57079633	0       	; %RAnkFlex
0       	0.09525 	0       	-1.57079633	0       	-1.57079633	; %LHipRot
-0.1016 	0       	0       	1.570796327	0       	3.141592654	; %LHipAbAd
0.0793242	0       	0.22225 	1.570796327	0       	-1.57079633	; %LHipFlex
0.4318  	0       	0       	0       	0       	0       	; %LKneeFlex
0.1524  	0       	0       	0       	-1.57079633	0       	; %LCalfRot
0       	0       	-0.2794 	0       	1.570796327	0       	];%LAnkFlex


PARENT = [
%P  J  Link Name	Parent
0; %1    Pelvis	
1; %2    TorsoTilt	Pelvis
2; %3    TorsoRot	TorsoTilt
3; %4    RShAbAd 	TorsoRot
4; %5    RShFlex  	RShAbAd
5; %6    RHumRot 	RShFlex
6; %7    RElbFlex	RHumRot
7; %8    RWriRot 	RElbFlex
3; %9    LShAbAd 	TorsoRot
9; %10    LShFlex 	LShAbAd
10; %11    LHumRot 	LShFlex
11; %12    LElbFlex	LHumRot
12; %13    LWriRot 	LElbFlex
1; %14    RHipRot 	Pelvis
14; %15    RHipAbAd	RHipRot
15; %16    RHipFlex	RHipAbAd
16; %17    RKneeFlex	RHipFlex
17; %18    RCalfRot	RKneeFlex
18; %19    RAnkFlex	RCalfRot
1; %20    LHipRot 	Pelvis
20; %21    LHipAbAd	LHipRot
21; %22    LHipFlex	LHipAbAd
22; %23    LKneeFlex	LHipFlex
23; %24    LCalfRot	LKneeFlex
24]; %25   LAnkFlex	LCalfRot

JointLimits = [
%lower	upper	effort	velocity
0   0   0   0;		
-0.34906585	0.34906585	100	12;
-0.34906585	0.34906585	100	10;
-0.174532925	2.094395102	100	12;
-0.476474886	2.094395102	100	12;
-1.396263402	0.872664626	100	12;
0	2.670353756	100	12;
-1.570796327	1.570796327	100	10;
-0.174532925	2.094395102	100	12;
-0.476474886	2.094395102	100	12;
-1.396263402	0.872664626	100	12;
0	2.670353756	100	12;
-1.570796327	1.570796327	100	10;
-0.261799388	0.523598776	100	12;
-0.523598776	0.523598776	100	12;
-0.436332313	2.530727415	100	12;
-2.181661565	0	100	12;
-0.785398163	0.785398163	100	12;
-0.785398163	1.047197551	100	12;
-0.261799388	0.523598776	100	12;
-0.523598776	0.523598776	100	12;
-0.436332313	2.530727415	100	12;
-2.181661565	0	100	12;
-0.785398163	0.785398163	100	12;
-0.785398163	1.047197551	100	12];


NAMES = {
%name       J_name          type        parent
'pelvis'	''	''	'';
'ltorso'	'to1_tor_tilt'	'revolute'	'pelvis';
'utorso'	'to2_tor_rota'	'revolute'	'ltorso';
'r_ushou'	'ra1_sho_abad'	'revolute'	'utorso';
'r_lshou'	'ra2_sho_flex'	'revolute'	'r_ushou';
'r_uarm'	'ra3_hum_rota'	'revolute'	'r_lshou';
'r_larm'	'ra4_elb_flex'	'revolute'	'r_uarm';
'r_hand'	'ra5_wri_rota'	'revolute'	'r_larm';
'l_ushou'	'la1_sho_abad'	'revolute'	'utorso';
'l_lshou'	'la2_sho_flex'	'revolute'	'l_ushou';
'l_uarm'	'la3_hum_rota'	'revolute'	'l_lshou';
'l_larm'	'la4_elb_flex'	'revolute'	'l_uarm';
'l_hand'	'la5_wri_rota'	'revolute'	'l_larm';
'r_glut'	'rl1_hip_rota'	'revolute'	'pelvis';
'r_hip' 	'rl2_hip_abad'	'revolute'	'r_glut';
'r_thigh'	'rl3_hip_flex'	'revolute'	'r_hip';
'r_ucalf'	'rl4_kne_flex'	'revolute'	'r_thigh';
'r_lcalf'	'rl5_cal_rota'	'revolute'	'r_ucalf';
'r_foot'	'rl6_ank_flex'	'revolute'	'r_lcalf';
'l_glut'	'll1_hip_rota'	'revolute'	'pelvis';
'l_hip' 	'll2_hip_abad'	'revolute'	'l_glut';
'l_thigh'	'll3_hip_flex'	'revolute'	'l_hip';
'l_ucalf'	'll4_kne_flex'	'revolute'	'l_thigh';
'l_lcalf'	'll5_cal_rota'	'revolute'	'l_ucalf';
'l_foot'	'll6_ank_flex'	'revolute'	'l_lcalf'};

